NOME SET:
PENTAMINI

NOME FIELD:
BUCHI3

NUMERO RIGHE FIELD:
8

NUMERO COLONNE FIELD:
8



SOLUZIONE NR. 1     

   0   0   0   0   0   1  10  10
   2   8   1   1   1   1  10  10
   2   8   8   @   5   5   6  10
   2   2   8   8   5   @   6   6
   2   9   @   5   5   6   6   7
   9   9   9   3   @   7   7   7
   4   9   4   3  11  11  11   7
   4   4   4   3   3   3  11  11



SOLUZIONE NR. 2     

   0   0   0   0   0   1  10  10
   4   4   1   1   1   1  10  10
   4   8   8   @  11  11  11  10
   4   4   8   8   5   @  11  11
   6   6   @   8   5   5   5   2
   3   6   6   9   @   7   5   2
   3   6   9   9   9   7   2   2
   3   3   3   9   7   7   7   2



SOLUZIONE NR. 3             Time: 00:00:00:01

   0   0   0   0   0   3   3   3
   2   4   4   6   6   5   5   3
   2   2   4   @   6   6   5   3
   2   4   4   7   6   @   5   5
   2   9   @   7   7   7   8   8
   9   9   9   7   @   8   8  10
   1   9  11  11  11   8  10  10
   1   1   1   1  11  11  10  10



SOLUZIONE NR. 4             Time: 00:00:00:01

   0   0   0   0   0   3   3   3
   2   4   4   6   6   5   5   3
   2   2   4   @   6   6   5   3
   2   4   4   7   6   @   5   5
   2   9   @   7   7   7  10  10
   9   9   9   7   @   8  10  10
   1   9  11  11  11   8   8  10
   1   1   1   1  11  11   8   8



SOLUZIONE NR. 5             Time: 00:00:00:01

   0   0   0   0   0   3   3   3
   2   8  11  11  11   5   5   3
   2   8   8   @  11  11   5   3
   2   2   8   8   6   @   5   5
   2   9   @   6   6   6  10  10
   9   9   9   7   @   6  10  10
   4   9   4   7   7   7  10   1
   4   4   4   7   1   1   1   1



SOLUZIONE NR. 6             Time: 00:00:00:01

   0   0   0   0   0   3   3   3
   4   4   4   1   1   1   1   3
   4   9   4   @   8   8   1   3
   9   9   9   8   8   @  11  11
   7   9   @   8  11  11  11   5
   7   7   7   6   @   5   5   5
   7   2   6   6   6   5  10  10
   2   2   2   2   6  10  10  10



SOLUZIONE NR. 7             Time: 00:00:00:01

   0   0   0   0   0   3   3   3
   4   4   4   2   2   2   2   3
   4   6   4   @   2   8   8   3
   6   6   6  11  11   @   8   8
   6   9   @   7  11  11  11   8
   9   9   9   7   @   5   5  10
   1   9   7   7   7   5  10  10
   1   1   1   1   5   5  10  10



SOLUZIONE NR. 8             Time: 00:00:00:01

   0   0   0   0   0   3   3   3
   4   4   4   2   2   2   2   3
   4   9   4   @   2   8   8   3
   9   9   9  11  11   @   8   8
   6   9   @   7  11  11  11   8
   6   6   6   7   @   5   5  10
   1   6   7   7   7   5  10  10
   1   1   1   1   5   5  10  10



