NOME SET:
PENTAMINI

NOME FIELD:
FORO

NUMERO RIGHE FIELD:
10

NUMERO COLONNE FIELD:
7



SOLUZIONE NR. 1     

   @   0   0   0   0   0   @
   1   1   6   7   7   7   2
   1   6   6   6   7   2   2
   1   5   5   6   7  11   2
   1   5   @   @   @  11   2
   5   5   @   @   @  11  11
   3   3   3  10  10  10  11
   3   4   4   9  10  10   8
   3   4   9   9   9   8   8
   @   4   4   9   8   8   @



SOLUZIONE NR. 2     

   @   0   0   0   0   0   @
   1   1   6   7   7   7  11
   1   6   6   6   7  11  11
   1   5   5   6   7  11   2
   1   5   @   @   @  11   2
   5   5   @   @   @   2   2
   3   3   3  10  10  10   2
   3   4   4   9  10  10   8
   3   4   9   9   9   8   8
   @   4   4   9   8   8   @



SOLUZIONE NR. 3     

   @   0   0   0   0   0   @
   1   1   1   1   3   3   3
   1   9   2   2   2   2   3
   9   9   9   2   6   6   3
   8   9   @   @   @   6   6
   8   8   @   @   @   6   5
  11   8   8   7   5   5   5
  11   7   7   7   5  10  10
  11  11   4   7   4  10  10
   @  11   4   4   4  10   @



SOLUZIONE NR. 4     

   @   0   0   0   0   0   @
   1   1   1   1   3   3   3
   1   9  10  10  10  11   3
   9   9   9  10  10  11   3
   2   9   @   @   @  11  11
   2   2   @   @   @   6  11
   2   5   5   4   4   6   6
   2   5   7   4   6   6   8
   5   5   7   4   4   8   8
   @   7   7   7   8   8   @



SOLUZIONE NR. 5             Time: 00:00:00:01

   @   0   0   0   0   0   @
   1   1   1   1   3   3   3
   1  11  11  11   5   5   3
   7   7   7  11  11   5   3
   2   7   @   @   @   5   5
   2   7   @   @   @  10  10
   2   2   4   4   4  10  10
   2   6   4   9   4  10   8
   6   6   9   9   9   8   8
   @   6   6   9   8   8   @



SOLUZIONE NR. 6             Time: 00:00:00:01

   @   0   0   0   0   0   @
   1   1   1   1   3   3   3
   1  11  11  11   5   5   3
   7   7   7  11  11   5   3
   2   7   @   @   @   5   5
   2   7   @   @   @  10  10
   2   2   4   4   4  10  10
   2   9   4   6   4  10   8
   9   9   9   6   6   8   8
   @   9   6   6   8   8   @



SOLUZIONE NR. 7             Time: 00:00:00:01

   @   0   0   0   0   0   @
   1   4   4   9   3   3   3
   1   4   9   9   9   6   3
   1   4   4   9   6   6   3
   1   1   @   @   @   6   6
   8   8   @   @   @  11  11
  10   8   8  11  11  11   7
  10  10   8   5   7   7   7
  10  10   2   5   5   5   7
   @   2   2   2   2   5   @



SOLUZIONE NR. 8             Time: 00:00:00:01

   @   0   0   0   0   0   @
   1   4   4   9   3   3   3
   1   4   9   9   9   6   3
   1   4   4   9   6   6   3
   1   1   @   @   @   6   6
  10  10   @   @   @  11  11
  10  10   8  11  11  11   7
  10   8   8   5   7   7   7
   8   8   2   5   5   5   7
   @   2   2   2   2   5   @



SOLUZIONE NR. 9             Time: 00:00:00:01

   @   0   0   0   0   0   @
   1   4   4   9   3   3   3
   1   4   9   9   9   6   3
   1   4   4   9   6   6   3
   1   1   @   @   @   6   6
  11  11   @   @   @   8   8
   7  11  11  11   8   8  10
   7   7   7   5   8  10  10
   7   5   5   5   2  10  10
   @   5   2   2   2   2   @



SOLUZIONE NR. 10             Time: 00:00:00:01

   @   0   0   0   0   0   @
   1   4   4   9   3   3   3
   1   4   9   9   9   6   3
   1   4   4   9   6   6   3
   1   1   @   @   @   6   6
  11  11   @   @   @  10  10
   7  11  11  11   8  10  10
   7   7   7   5   8   8  10
   7   5   5   5   2   8   8
   @   5   2   2   2   2   @



SOLUZIONE NR. 11             Time: 00:00:00:01

   @   0   0   0   0   0   @
   2   3   3   3   4   4   4
   2   2  11   3   4   9   4
   2  11  11   3   9   9   9
   2  11   @   @   @   9   8
  10  11   @   @   @   8   8
  10  10   5   5   8   8   7
  10  10   6   5   7   7   7
   6   6   6   5   5   1   7
   @   6   1   1   1   1   @



SOLUZIONE NR. 12             Time: 00:00:00:02

   @   0   0   0   0   0   @
   2   2   2   2   9   4   4
   1   2   6   9   9   9   4
   1   6   6   6   9   4   4
   1   6   @   @   @   5   5
   1   1   @   @   @   5   3
  10  10  10   7   5   5   3
   8  10  10   7   3   3   3
   8   8   7   7   7  11  11
   @   8   8  11  11  11   @



SOLUZIONE NR. 13             Time: 00:00:00:03

   @   0   0   0   0   0   @
   3   3   3   5   5  10  10
   3   1   1   5  10  10  10
   3   1   5   5   7   7   7
   2   1   @   @   @   7  11
   2   1   @   @   @   7  11
   2   2   4   4   4  11  11
   2   6   4   9   4  11   8
   6   6   9   9   9   8   8
   @   6   6   9   8   8   @



SOLUZIONE NR. 14             Time: 00:00:00:03

   @   0   0   0   0   0   @
   3   3   3   5   5  10  10
   3   1   1   5  10  10  10
   3   1   5   5   7   7   7
   2   1   @   @   @   7  11
   2   1   @   @   @   7  11
   2   2   4   4   4  11  11
   2   9   4   6   4  11   8
   9   9   9   6   6   8   8
   @   9   6   6   8   8   @



SOLUZIONE NR. 15             Time: 00:00:00:03

   @   0   0   0   0   0   @
   3   3   3   5   5  10  10
   3   1   1   5  10  10  10
   3   1   5   5   7   7   7
  11   1   @   @   @   7   2
  11   1   @   @   @   7   2
  11  11   4   4   4   2   2
   8  11   4   6   4   9   2
   8   8   6   6   9   9   9
   @   8   8   6   6   9   @



SOLUZIONE NR. 16             Time: 00:00:00:03

   @   0   0   0   0   0   @
   3   3   3   5   5  10  10
   3   1   1   5  10  10  10
   3   1   5   5   7   7   7
  11   1   @   @   @   7   2
  11   1   @   @   @   7   2
  11  11   4   4   4   2   2
   8  11   4   9   4   6   2
   8   8   9   9   9   6   6
   @   8   8   9   6   6   @



SOLUZIONE NR. 17             Time: 00:00:00:03

   @   0   0   0   0   0   @
   3   3   3   6   5   5  10
   3   6   6   6   5  10  10
   3  11   6   5   5  10  10
  11  11   @   @   @   1   1
  11   7   @   @   @   8   1
  11   7   7   7   8   8   1
   4   7   4   8   8   9   1
   4   4   4   2   9   9   9
   @   2   2   2   2   9   @



SOLUZIONE NR. 18             Time: 00:00:00:03

   @   0   0   0   0   0   @
   3   3   3   7   4   4   4
   3   7   7   7   4   9   4
   3   8   8   7   9   9   9
   8   8   @   @   @   9   1
   8  11   @   @   @   5   1
  11  11  10   5   5   5   1
  11  10  10   5   6   1   1
  11  10  10   2   6   6   6
   @   2   2   2   2   6   @



SOLUZIONE NR. 19             Time: 00:00:00:03

   @   0   0   0   0   0   @
   3   3   3   7   4   4   4
   3   7   7   7   4   9   4
   3   8   8   7   9   9   9
   8   8   @   @   @   9   1
   8  11   @   @   @   5   1
  10  11  11   5   5   5   1
  10  10  11   5   6   1   1
  10  10  11   2   6   6   6
   @   2   2   2   2   6   @



SOLUZIONE NR. 20             Time: 00:00:00:03

   @   0   0   0   0   0   @
   3   3   3   7   4   4   4
   3   7   7   7   4   9   4
   3   8   8   7   9   9   9
   8   8   @   @   @   9   2
   8  11   @   @   @   2   2
  11  11   1   1   1   1   2
  11  10   5   5   6   1   2
  11  10  10   5   6   6   6
   @  10  10   5   5   6   @



SOLUZIONE NR. 21             Time: 00:00:00:03

   @   0   0   0   0   0   @
   3   3   3   7   4   4   4
   3   7   7   7   4   9   4
   3   8   8   7   9   9   9
   8   8   @   @   @   9  10
   8   2   @   @   @  10  10
   2   2   2   2   5  10  10
   6  11  11  11   5   5   5
   6   6   6  11  11   1   5
   @   6   1   1   1   1   @



SOLUZIONE NR. 22             Time: 00:00:00:03

   @   0   0   0   0   0   @
   3   3   3   7  10  10  11
   3   7   7   7  10  10  11
   3   8   8   7  10  11  11
   8   8   @   @   @  11   1
   8   9   @   @   @   5   1
   9   9   9   5   5   5   1
   4   9   4   5   6   1   1
   4   4   4   2   6   6   6
   @   2   2   2   2   6   @



SOLUZIONE NR. 23             Time: 00:00:00:03

   @   0   0   0   0   0   @
   3   3   3   7  10  10  10
   3   7   7   7   5  10  10
   3   8   8   7   5   5   5
   8   8   @   @   @   2   5
   8   6   @   @   @   2   2
   6   6   6   1   1   2  11
   6   9   4   4   1   2  11
   9   9   9   4   1  11  11
   @   9   4   4   1  11   @



SOLUZIONE NR. 24             Time: 00:00:00:03

   @   0   0   0   0   0   @
   3   3   3   7  10  10  10
   3   7   7   7   5  10  10
   3   8   8   7   5   5   5
   8   8   @   @   @   2   5
   8   9   @   @   @   2   2
   9   9   9   1   1   2  11
   6   9   4   4   1   2  11
   6   6   6   4   1  11  11
   @   6   4   4   1  11   @



SOLUZIONE NR. 25             Time: 00:00:00:03

   @   0   0   0   0   0   @
   3   3   3   7  10  10  10
   3   7   7   7   5  10  10
   3   8   8   7   5   5   5
   8   8   @   @   @  11   5
   8   6   @   @   @  11  11
   6   6   6   1   1   2  11
   6   9   4   4   1   2  11
   9   9   9   4   1   2   2
   @   9   4   4   1   2   @



SOLUZIONE NR. 26             Time: 00:00:00:03

   @   0   0   0   0   0   @
   3   3   3   7  10  10  10
   3   7   7   7   5  10  10
   3   8   8   7   5   5   5
   8   8   @   @   @  11   5
   8   9   @   @   @  11  11
   9   9   9   1   1   2  11
   6   9   4   4   1   2  11
   6   6   6   4   1   2   2
   @   6   4   4   1   2   @



SOLUZIONE NR. 27             Time: 00:00:00:03

   @   0   0   0   0   0   @
   3   3   3   7  11  10  10
   3   7   7   7  11  10  10
   3   8   8   7  11  11  10
   8   8   @   @   @  11   1
   8   9   @   @   @   5   1
   9   9   9   5   5   5   1
   4   9   4   5   6   1   1
   4   4   4   2   6   6   6
   @   2   2   2   2   6   @



SOLUZIONE NR. 28             Time: 00:00:00:04

   @   0   0   0   0   0   @
   4   4   4   3  10  10  10
   4   9   4   3  10  10   2
   9   9   9   3   3   3   2
   8   9   @   @   @   2   2
   8   8   @   @   @  11   2
   7   8   8   6   6  11  11
   7   7   7   5   6   6  11
   7   5   5   5   6   1  11
   @   5   1   1   1   1   @



SOLUZIONE NR. 29             Time: 00:00:00:04

   @   0   0   0   0   0   @
   4   4   4   3  10  10  10
   4   9   4   3  10  10  11
   9   9   9   3   3   3  11
   8   9   @   @   @  11  11
   8   8   @   @   @  11   2
   7   8   8   6   6   2   2
   7   7   7   5   6   6   2
   7   5   5   5   6   1   2
   @   5   1   1   1   1   @



SOLUZIONE NR. 30             Time: 00:00:00:04

   @   0   0   0   0   0   @
   4   4   4   3   3   3   5
   4   6   4   3   5   5   5
   6   6   6   3   5  10  10
   6  11   @   @   @  10  10
  11  11   @   @   @  10   2
  11   8   8   7   7   7   2
  11   9   8   8   7   2   2
   9   9   9   8   7   1   2
   @   9   1   1   1   1   @



SOLUZIONE NR. 31             Time: 00:00:00:04

   @   0   0   0   0   0   @
   4   4   4   3   3   3   5
   4   9   4   3   5   5   5
   9   9   9   3   5  10  10
   8   9   @   @   @  10  10
   8   8   @   @   @   2  10
   7   8   8   2   2   2   2
   7   7   7  11  11  11   6
   7   1  11  11   6   6   6
   @   1   1   1   1   6   @



SOLUZIONE NR. 32             Time: 00:00:00:04

   @   0   0   0   0   0   @
   4   4   4   3   3   3   7
   4   9   4   3   7   7   7
   9   9   9   3   8   8   7
   1   9   @   @   @   8   8
   1   5   @   @   @  11   8
   1   5   5   5  11  11  10
   1   1   6   5  11  10  10
   6   6   6   2  11  10  10
   @   6   2   2   2   2   @



SOLUZIONE NR. 33             Time: 00:00:00:04

   @   0   0   0   0   0   @
   4   4   4   3   3   3   7
   4   9   4   3   7   7   7
   9   9   9   3   8   8   7
   1   9   @   @   @   8   8
   1   5   @   @   @  11   8
   1   5   5   5  10  11  11
   1   1   6   5  10  10  11
   6   6   6   2  10  10  11
   @   6   2   2   2   2   @



SOLUZIONE NR. 34             Time: 00:00:00:04

   @   0   0   0   0   0   @
   4   4   4   3   3   3   7
   4   9   4   3   7   7   7
   9   9   9   3   8   8   7
   2   9   @   @   @   8   8
   2   2   @   @   @  11   8
   2   1   1   1   1  11  11
   2   1   6   5   5  10  11
   6   6   6   5  10  10  11
   @   6   5   5  10  10   @



SOLUZIONE NR. 35             Time: 00:00:00:04

   @   0   0   0   0   0   @
   4   4   4   3   3   3   7
   4   9   4   3   7   7   7
   9   9   9   3   8   8   7
  10   9   @   @   @   8   8
  10  10   @   @   @   2   8
  10  10   5   2   2   2   2
   5   5   5  11  11  11   6
   5   1  11  11   6   6   6
   @   1   1   1   1   6   @



SOLUZIONE NR. 36             Time: 00:00:00:06

   @   0   0   0   0   0   @
   7   3   3   3  10  10  11
   7   7   7   3  10  10  11
   7   8   8   3  10  11  11
   8   8   @   @   @  11   1
   8   9   @   @   @   5   1
   9   9   9   5   5   5   1
   4   9   4   5   6   1   1
   4   4   4   2   6   6   6
   @   2   2   2   2   6   @



SOLUZIONE NR. 37             Time: 00:00:00:06

   @   0   0   0   0   0   @
   7   3   3   3  10  10  10
   7   7   7   3   5  10  10
   7   8   8   3   5   5   5
   8   8   @   @   @   2   5
   8   6   @   @   @   2   2
   6   6   6   1   1   2  11
   6   9   4   4   1   2  11
   9   9   9   4   1  11  11
   @   9   4   4   1  11   @



SOLUZIONE NR. 38             Time: 00:00:00:06

   @   0   0   0   0   0   @
   7   3   3   3  10  10  10
   7   7   7   3   5  10  10
   7   8   8   3   5   5   5
   8   8   @   @   @   2   5
   8   9   @   @   @   2   2
   9   9   9   1   1   2  11
   6   9   4   4   1   2  11
   6   6   6   4   1  11  11
   @   6   4   4   1  11   @



SOLUZIONE NR. 39             Time: 00:00:00:06

   @   0   0   0   0   0   @
   7   3   3   3  10  10  10
   7   7   7   3   5  10  10
   7   8   8   3   5   5   5
   8   8   @   @   @  11   5
   8   6   @   @   @  11  11
   6   6   6   1   1   2  11
   6   9   4   4   1   2  11
   9   9   9   4   1   2   2
   @   9   4   4   1   2   @



SOLUZIONE NR. 40             Time: 00:00:00:06

   @   0   0   0   0   0   @
   7   3   3   3  10  10  10
   7   7   7   3   5  10  10
   7   8   8   3   5   5   5
   8   8   @   @   @  11   5
   8   9   @   @   @  11  11
   9   9   9   1   1   2  11
   6   9   4   4   1   2  11
   6   6   6   4   1   2   2
   @   6   4   4   1   2   @



