NOME SET:
PENTAMINI

NOME FIELD:
8*8-4

NUMERO RIGHE FIELD:
8

NUMERO COLONNE FIELD:
8



SOLUZIONE NR. 1             Time: 00:00:00:01

   0   0   0   0   0   2   4   4
  10  10   7   2   2   2   2   4
  10  10   7   7   7   5   4   4
  10   9   7   @   @   5   5   5
   9   9   9   @   @   8   8   5
   3   9   6  11  11  11   8   8
   3   6   6   6   1  11  11   8
   3   3   3   6   1   1   1   1



SOLUZIONE NR. 2             Time: 00:00:00:01

   0   0   0   0   0   2   4   4
  10  10   7   2   2   2   2   4
  10  10   7   7   7  11   4   4
  10   9   7   @   @  11   1   1
   9   9   9   @   @  11  11   1
   3   9   6   5   5   8  11   1
   3   6   6   6   5   8   8   1
   3   3   3   6   5   5   8   8



SOLUZIONE NR. 3             Time: 00:00:00:03

   0   0   0   0   0   3   3   3
   1   1   1   1  11  11   6   3
   1   9  11  11  11   6   6   3
   9   9   9   @   @   5   6   6
   2   9   7   @   @   5   5   5
   2   2   7   7   7   8   8   5
   2   4   7   4  10  10   8   8
   2   4   4   4  10  10  10   8



SOLUZIONE NR. 4             Time: 00:00:00:03

   0   0   0   0   0   3   3   3
   1   1   1   1  11  11   6   3
   1   9  11  11  11   6   6   3
   9   9   9   @   @   5   6   6
   2   9   7   @   @   5   5   5
   2   2   7   7   7   8   8   5
   2   4   7   4   8   8  10  10
   2   4   4   4   8  10  10  10



