NOME SET:
PENTAMINI

NOME FIELD:
BUCHI

NUMERO RIGHE FIELD:
8

NUMERO COLONNE FIELD:
8



SOLUZIONE NR. 1     

   0   0   0   0   0   3   3   3
   1   1   1   1   9   4   4   3
   1   6   @   9   9   9   4   3
   6   6   6   @   9   4   4   7
   6  11   5   5   @   7   7   7
  11  11   5   8   8   @  10   7
  11   5   5   2   8   8  10  10
  11   2   2   2   2   8  10  10



SOLUZIONE NR. 2     

   0   0   0   0   0   3   3   3
   1   1   1   1   9   4   4   3
   1   6   @   9   9   9   4   3
   6   6   6   @   9   4   4   7
   6  11  11  11   @   7   7   7
  11  11   5   8   8   @  10   7
   5   5   5   2   8   8  10  10
   5   2   2   2   2   8  10  10



SOLUZIONE NR. 3     

   0   0   0   0   0   3   3   3
   1   1   1   1   9   4   4   3
   1  11   @   9   9   9   4   3
  11  11   6   @   9   4   4   7
  11   6   6   6   @   7   7   7
  11   6   5   8   8   @  10   7
   5   5   5   2   8   8  10  10
   5   2   2   2   2   8  10  10



SOLUZIONE NR. 4     

   0   0   0   0   0   3   3   3
   1   1   1   1   9   5   5   3
   1  10   @   9   9   9   5   3
  10  10   8   @   9   6   5   5
  10  10   8   8   @   6   6   6
   4   4   4   8   8   @   6   7
   4   2   4  11  11   7   7   7
   2   2   2   2  11  11  11   7



SOLUZIONE NR. 5     

   0   0   0   0   0   3   3   3
   2   2   2   2   9   5   5   3
   6   2   @   9   9   9   5   3
   6   6   6   @   9  11   5   5
   7   6   8   8   @  11  11   1
   7   7   7   8   8   @  11   1
   7  10  10   4   8   4  11   1
  10  10  10   4   4   4   1   1



SOLUZIONE NR. 6     

   0   0   0   0   0   3   3   3
   2   2   2   2   9   5   5   3
   7   2   @   9   9   9   5   3
   7   7   7   @   9   6   5   5
   7  11   4   4   @   6   6   6
  11  11   4   8   8   @   6  10
  11   1   4   4   8   8  10  10
  11   1   1   1   1   8  10  10



SOLUZIONE NR. 7     

   0   0   0   0   0   3   3   3
   2   2   2   2   9   5   5   3
   7   2   @   9   9   9   5   3
   7   7   7   @   9  11   5   5
   7   6   8   8   @  11  11   1
   6   6   6   8   8   @  11   1
   6  10  10   4   8   4  11   1
  10  10  10   4   4   4   1   1



SOLUZIONE NR. 8     

   0   0   0   0   0   3   3   3
   2   2   2   2   9   5   5   3
   7   2   @   9   9   9   5   3
   7   7   7   @   9  11   5   5
   7   6   8   8   @  11  11   1
   6   6   6   8   8   @  11   1
  10  10   6   4   8   4  11   1
  10  10  10   4   4   4   1   1



SOLUZIONE NR. 9     

   0   0   0   0   0   3   3   3
   2   2   2   2   9   5   5   3
   7   2   @   9   9   9   5   3
   7   7   7   @   9  11   5   5
   7   8   8   6   @  11  11   1
   8   8   6   6   6   @  11   1
   8  10  10   4   6   4  11   1
  10  10  10   4   4   4   1   1



SOLUZIONE NR. 10             Time: 00:00:00:01

   0   0   0   0   0   4   4   2
   1   3   3   3   6   4   2   2
   1   3   @   6   6   4   4   2
   1   3   8   @   6   6   9   2
   1   1   8   8   @   9   9   9
  10   5   5   8   8   @   9   7
  10  10   5  11  11   7   7   7
  10  10   5   5  11  11  11   7



